#decimal_day   amplitude     phase
  121.6593       1.031       -0.474
  121.6614       1.016       -0.661
  121.6635       0.992        1.785
  121.6656       1.028       -1.199
  121.6676       0.992       -0.829
  121.6697       0.993       -0.336
  121.6718       1.023       -0.433
  121.6739         nan          nan
  121.6760       1.015        1.227
  121.6781       1.014       -0.422
  121.6801       1.017       -0.698
  121.6822       1.011       -0.068
  121.6843       1.013        1.429
  121.6864       1.038        0.219
  121.6885       0.996        0.136
  121.6906       1.014        0.303
  121.6926       0.981       -0.634
  121.6947       0.979        0.709
  121.6968       0.976       -1.233
  121.6989       1.037        0.509
  122.0499         nan          nan
  122.4020         nan          nan
  122.4051       1.024       -0.112
  122.4083         nan          nan
  122.4114       0.988       -0.452
  122.4135         nan          nan
  122.4166         nan          nan
  122.4197         nan          nan
  122.4218       1.005       -0.558
  122.4239         nan          nan
  122.4260       1.005        1.608
  122.4291         nan          nan
  122.4333         nan          nan
  122.4426         nan          nan
  122.4510       0.986        0.433
  122.4531       0.991       -0.205
  122.4551         nan          nan
  122.5908         nan          nan
  122.7265       1.025        0.594
  122.7286       1.020        0.222
  122.7307       1.014       -0.495
  122.7327       1.023        0.161
  122.7348       1.012        0.265
  122.7369       1.018        0.274
  122.7390       1.017        0.408
  122.7411       1.021        0.319
  122.7431       1.017       -0.108
  122.7452       1.017       -0.244
  122.7473       1.008       -0.020
  122.7494       1.009       -0.323
  122.7515       1.012       -0.178
  122.7536       1.003       -0.387
  122.7557       1.016        0.003
  122.7577       1.016       -0.155
  122.7598       1.018        0.164
  122.7619       1.016        0.255
  122.7640       1.014       -0.065
  122.7661       1.009       -0.085
  122.7682       1.016       -0.164
  122.7702       1.016       -0.029
  122.7723       1.012        0.005
  122.7744       1.013        0.271
  122.7765       1.010        0.170
  122.7786       1.013        0.807
  122.7807       1.005       -0.219
  122.7827       1.017        0.026
  122.7848       1.023        0.147
  122.7869       1.007       -0.255
  122.7890       1.014        0.130
  122.7911       1.010        0.125
  122.7931       1.015        0.337
  122.7952       1.006        0.213
  122.7973       1.017        0.440
  122.7994       1.009        0.069
  122.8015       1.008       -0.075
  122.8036       1.018       -0.069
  122.8057       1.014        0.072
  122.8077       1.013        0.380
  122.8098       1.016       -0.145
  122.8119       1.011        0.167
  122.8140       1.014       -1.494
  122.8161       1.010        0.124
  122.8182       1.023        1.271
  122.8202       1.014       -0.178
  122.8223       1.015        0.007
  122.8244       1.015        0.214
  122.8265       1.008        0.633
  122.8286       1.013        0.313
  122.8306       1.011        0.443
  122.8327       1.003       -0.192
  122.8348       1.006       -0.084
  122.8369       1.015        0.663
  122.8390       1.009       -0.053
  122.8411       1.001       -0.652
  122.8432         nan          nan
  122.8452       1.013        1.705
  122.8473       1.018        0.090
  122.8494       1.005        0.095
  122.8515       1.014        0.520
  122.8536       1.008       -0.273
  122.8556       1.012       -0.014
  122.8577       1.020        0.054
  122.8609         nan          nan
  122.8640       1.022        1.155
  122.8702         nan          nan
  122.8775         nan          nan
  122.8838         nan          nan
  122.8900         nan          nan
  122.9640         nan          nan
  123.0369       1.016        0.054
  123.0390       1.003        1.412
  123.0411       0.991       -1.451
  123.0442         nan          nan
  123.0473       1.011       -0.249
  123.0494       1.013        0.252
  123.0515       1.009       -0.269
  123.0536       1.012        0.022
  123.0557       1.011        0.019
  123.0577       1.009        0.131
  123.0598       1.010       -0.077
  123.0619       1.008       -0.131
  123.0640       1.012        0.052
  123.0661       1.009       -0.141
  123.0682       1.007        0.987
  123.0702         nan          nan
  123.0723       1.009        0.088
  123.0744       1.011       -0.364
  123.0765       1.006       -0.039
  123.0786       1.005        0.016
  123.0807       1.020        0.202
  123.0827       1.020       -0.731
  123.0848       1.008       -0.353
  123.0869       0.995        0.353
  123.0890       1.026        0.059
  123.0911       1.010        0.564
  123.0931       1.006        0.719
  123.0952       1.014       -0.327
  123.0973       1.000        0.287
  123.0994       1.012       -0.422
  123.1015       1.002       -0.416
  123.1036       1.022       -0.157
  123.1056       1.013       -0.271
  123.1077       0.986        0.244
  123.1098       1.008       -0.069
  123.1119       1.016        0.305
  123.1140       0.990        0.331
  123.1161       1.001       -0.438
  123.1181       0.983        0.161
  123.1202       1.016        0.046
  123.1223       1.000        0.369
  123.1244       1.021        0.050
  123.1265       1.005       -0.001
  123.1286       0.986        0.836
  123.1307       1.011       -0.451
  123.1327       0.993       -0.204
  123.1348       0.996        0.009
  123.1369       1.011       -0.068
  123.1390       0.972       -0.396
  123.1411       1.032        0.098
  123.1431       1.024       -1.266
  123.1452       1.020        0.105
  123.1473       1.001        0.095
  123.1494       1.016        0.059
  123.1515       0.972       -0.548
  123.1536       1.017       -0.522
  123.1557       1.043        0.779
  123.1577       1.009        0.305
  123.1598       0.996       -0.058
  123.1619       0.986        0.462
  123.1640         nan          nan
  123.1661         nan          nan
  123.1682       0.972        0.437
  123.1702         nan          nan
  123.1744         nan          nan
  123.1786         nan          nan
  123.1817         nan          nan
  123.2504         nan          nan
  123.3286         nan          nan
  123.3473         nan          nan
  123.3556       1.001        1.221
  123.3661         nan          nan
  123.3869         nan          nan
  123.3994         nan          nan
  123.4015       1.013        1.234
  123.4036         nan          nan
  123.4056       0.972        1.425
  123.4077         nan          nan
  123.4098       1.026        0.545
  123.4119         nan          nan
  123.4140       1.011       -0.853
  123.4161       1.009        0.660
  123.4182       1.033        0.187
  123.4202       1.033       -0.191
  123.4223       1.035       -0.440
  123.4244       1.023        0.428
  123.4265         nan          nan
  123.4286         nan          nan
  123.6254         nan          nan
  123.8223         nan          nan
  123.8275         nan          nan
  123.8327       1.009        0.631
  123.8348       0.985       -0.276
  123.8369       1.006       -0.619
  123.8390         nan          nan
  123.8421         nan          nan
  123.8452       1.029        0.432
  123.8473       0.999        0.710
  123.8494         nan          nan
  123.8515       0.987       -0.908
  123.8536         nan          nan
  123.8588         nan          nan
  123.8640       1.006        0.614
  123.8661         nan          nan
  123.8682       0.965       -0.747
  123.8702       1.007        0.888
  123.8723         nan          nan
  123.8744       1.000        0.786
  123.8765         nan          nan
  123.8786         nan          nan
  123.8806         nan          nan
  123.8827         nan          nan
  123.8848         nan          nan
  123.8869         nan          nan
  123.8890         nan          nan
  123.8911       0.977       -0.302
  123.8931         nan          nan
  123.8952         nan          nan
  123.8973         nan          nan
  123.8994         nan          nan
  123.9036         nan          nan
  123.9077         nan          nan
  123.9098       0.991       -0.531
  123.9119         nan          nan
  123.9140       1.004       -1.254
  123.9202         nan          nan
  123.9307         nan          nan
  123.9369       0.969        1.082
  123.9390       0.965        0.839
  123.9411         nan          nan
  123.9432         nan          nan
  123.9452         nan          nan
  123.9515         nan          nan
  123.9588         nan          nan
  123.9619         nan          nan
  123.9682         nan          nan
  123.9744         nan          nan
  123.9765         nan          nan
  123.9786         nan          nan
  123.9817         nan          nan
  123.9890         nan          nan
  123.9952         nan          nan
  123.9973         nan          nan
  123.9994         nan          nan
  124.0015         nan          nan
  124.0036         nan          nan
  124.0140         nan          nan
  124.0244         nan          nan
  124.0265         nan          nan
  124.0286         nan          nan
  124.0307         nan          nan
  124.0327         nan          nan
  124.0504         nan          nan
  124.0681         nan          nan
  124.3400         nan          nan
  124.6119       0.991        1.137
  124.6140       1.013        0.168
  124.6161       1.021        0.535
  124.6181       1.022        0.468
  124.6202       1.012        1.655
  124.6223       1.007       -0.062
  124.6244       1.043        1.425
  124.6265       1.027        0.342
  124.6286       1.030        0.237
  124.6307       1.017        0.283
  124.6327         nan          nan
  124.6348         nan          nan
  124.6369       1.008        0.711
  124.6390         nan          nan
  124.6411       1.029       -0.566
  124.6431       1.008        0.000
  124.6452       1.044        0.162
  124.6473       1.030        0.096
  124.6494       1.021        0.386
  124.6515       1.008        0.157
  124.6536       1.027        0.225
  124.6556       1.020       -0.242
  124.6577       1.021        1.417
  124.6598       1.029        1.008
  124.6619       1.026       -0.180
  124.6640       1.023        0.419
  124.6661       1.015        0.488
  124.6682       1.019        0.197
  124.6702       1.003        0.152
  124.6723       1.014        0.318
  124.6744       1.014        0.165
  124.6765       1.015        0.281
  124.6786       1.015        0.063
  124.6807       1.009       -0.417
  124.6827       1.023       -0.051
  124.6848       1.014        0.296
  124.6869       1.009        0.169
  124.6890       1.015       -0.510
  124.6911       1.024        0.276
  124.6932       1.005        0.070
  124.6952       1.016        0.212
  124.6973       1.015       -0.149
  124.6994       1.007        0.309
  124.7015       1.015        0.006
  124.7036       1.006        0.084
  124.7057       1.021        0.049
  124.7077       1.017       -0.206
  124.7098       1.013        0.009
  124.7119       1.014       -0.128
  124.7140       1.009        0.111
  124.7161       1.013        0.216
  124.7182       1.014       -0.091
  124.7202       1.022        0.028
  124.7223       1.007        0.050
  124.7244       1.009        0.040
  124.7265       1.024       -0.359
  124.7286         nan          nan
  124.7306         nan          nan
  124.7327         nan          nan
  124.7348         nan          nan
  124.7369         nan          nan
  124.7390         nan          nan
  124.7411         nan          nan
  124.7431         nan          nan
  124.7452         nan          nan
  124.7473         nan          nan
  124.7494         nan          nan
  124.7515         nan          nan
  124.7536         nan          nan
  124.7557         nan          nan
  124.7577       1.017        0.077
  124.7598       1.028       -0.350
  124.7619       1.020       -0.115
  124.7640       1.009        0.039
  124.7661       1.017       -0.012
  124.7681       1.017        0.491
  124.7702       1.015        0.673
  124.7723       1.020        0.216
  124.7744       1.018        0.251
  124.7765       1.012        0.493
  124.7786       1.019        0.169
  124.7806       1.019        0.178
  124.7827       1.021       -0.095
  124.7848       1.018        0.062
  124.7869       1.018       -0.169
  124.7890       1.017       -0.471
  124.7911       1.028       -0.625
  124.7932       1.026       -0.329
  124.7952       1.023       -1.169
  124.7973       1.013        0.149
  124.7994       1.008        0.392
  124.8015       1.007        0.709
  124.8036         nan          nan
  124.8057       0.988       -1.050
  124.8077       1.023        1.127
  124.8098       1.019       -0.825
  124.8150         nan          nan
  124.8202       0.997        0.870
  124.8681         nan          nan
  124.9161         nan          nan
  124.9181         nan          nan
  124.9202         nan          nan
  124.9223         nan          nan
  124.9244         nan          nan
  124.9265         nan          nan
  124.9286         nan          nan
  124.9307         nan          nan
  124.9327         nan          nan
  124.9348         nan          nan
  124.9369         nan          nan
  124.9390         nan          nan
  124.9411         nan          nan
  124.9431         nan          nan
  124.9452         nan          nan
  124.9473         nan          nan
  124.9494         nan          nan
  124.9515         nan          nan
  124.9536         nan          nan
  124.9556         nan          nan
  124.9577         nan          nan
  124.9598         nan          nan
  124.9619         nan          nan
  124.9640         nan          nan
  124.9661         nan          nan
  124.9681         nan          nan
  124.9702         nan          nan
  124.9723         nan          nan
  124.9807         nan          nan
  124.9900         nan          nan
  124.9942         nan          nan
  124.9973         nan          nan
  124.9994         nan          nan
  125.0015         nan          nan
  125.0046         nan          nan
  125.0077         nan          nan
  125.0098         nan          nan
  125.0119         nan          nan
  125.0150         nan          nan
  125.0181         nan          nan
  125.0202         nan          nan
  125.0223         nan          nan
  125.0254         nan          nan
  125.0296         nan          nan
  125.0338         nan          nan
  125.1317         nan          nan
  125.9168         nan          nan
  126.6071       1.013        0.641
  126.6091       1.009       -0.437
  126.6112       1.053        0.833
  126.6175         nan          nan
  126.6237         nan          nan
  126.6258         nan          nan
  126.6279         nan          nan
  126.6300         nan          nan
  126.6321         nan          nan
  126.6341         nan          nan
  126.6362         nan          nan
  126.6383         nan          nan
  126.6404         nan          nan
  126.6425         nan          nan
  126.6446         nan          nan
  126.6466         nan          nan
  126.6487         nan          nan
  126.6508         nan          nan
  126.6529         nan          nan
  126.6550         nan          nan
  126.6571         nan          nan
  126.6591         nan          nan
  126.6612         nan          nan
  126.6633         nan          nan
  126.6654         nan          nan
  126.6675         nan          nan
  126.6696         nan          nan
  126.6716         nan          nan
  126.6737         nan          nan
  126.6758         nan          nan
  126.6779         nan          nan
  126.6800         nan          nan
  126.6821         nan          nan
  126.6841         nan          nan
  126.6862         nan          nan
  126.6883       1.038        1.422
  126.6904       1.013        0.161
  126.6925       1.008       -0.074
  126.6946       1.018        0.156
  126.6966       1.015        0.409
  126.6987       1.009       -0.431
  126.7008         nan          nan
  126.7029         nan          nan
  126.7050         nan          nan
  126.7070       1.018        0.420
  126.7091       1.007        0.019
  126.7112       1.017        0.294
  126.7133       1.023        0.611
  126.7154         nan          nan
  126.7175         nan          nan
  126.7196         nan          nan
  126.7216         nan          nan
  126.7237         nan          nan
  126.7258         nan          nan
  126.7279         nan          nan
  126.7300         nan          nan
  126.7320         nan          nan
  126.7341         nan          nan
  126.7362         nan          nan
  126.7383         nan          nan
  126.7404         nan          nan
  126.7425         nan          nan
  126.7446       1.005        0.007
  126.7466         nan          nan
  126.7487         nan          nan
  126.7508         nan          nan
  126.7529         nan          nan
  126.7550         nan          nan
  126.7571         nan          nan
  126.7591         nan          nan
  126.7612         nan          nan
  126.7633         nan          nan
  126.7654         nan          nan
  126.7675         nan          nan
  126.7696         nan          nan
  126.7716         nan          nan
  126.7737         nan          nan
  126.7758         nan          nan
  126.7779         nan          nan
  126.7800         nan          nan
  126.7821         nan          nan
  126.7841         nan          nan
  126.7862       1.026        0.032
  126.7883       1.001       -0.441
  126.7904       1.006        0.005
  126.7977         nan          nan
  126.8050         nan          nan
  126.8071         nan          nan
  126.8091         nan          nan
  126.8112         nan          nan
  126.8133         nan          nan
  126.8164         nan          nan
  126.8195         nan          nan
  126.8216         nan          nan
  126.8279         nan          nan
  126.8341         nan          nan
  126.8383         nan          nan
  126.8508         nan          nan
  126.8685         nan          nan
  126.8914         nan          nan
  126.9070       1.005       -0.347
  126.9091       1.004        0.173
  126.9112       1.016       -0.016
  126.9133       1.008        0.064
  126.9154       1.017       -0.023
  126.9175       1.007       -0.148
  126.9196       1.025       -0.110
  126.9216       1.025        0.357
  126.9237       1.020        0.038
  126.9258       1.007       -0.668
  126.9841         nan          nan
  127.0425         nan          nan
  127.0446         nan          nan
  127.0466         nan          nan
  127.0487         nan          nan
  127.0508         nan          nan
  127.0529         nan          nan
  127.0550         nan          nan
  127.0570         nan          nan
  127.0591         nan          nan
  127.0612         nan          nan
  127.0633         nan          nan
  127.0654         nan          nan
  127.0675         nan          nan
  127.0695         nan          nan
  127.0716         nan          nan
  127.0737         nan          nan
  127.0758         nan          nan
  127.0779         nan          nan
  127.0800         nan          nan
  127.0821         nan          nan
  127.0841         nan          nan
  127.0862         nan          nan
  127.0883         nan          nan
  127.0904         nan          nan
  127.0925         nan          nan
  127.0946         nan          nan
  127.0966         nan          nan
  127.0987         nan          nan
  127.1008         nan          nan
  127.1029         nan          nan
  127.1050         nan          nan
  127.1071         nan          nan
  127.1091         nan          nan
  127.1112         nan          nan
  127.1133         nan          nan
  127.1154         nan          nan
  127.1175         nan          nan
  127.1196         nan          nan
  127.1216         nan          nan
  127.1237         nan          nan
  127.1258         nan          nan
  127.1279         nan          nan
  127.1300         nan          nan
  127.1320         nan          nan
  127.1341         nan          nan
  127.1362         nan          nan
  127.1383       1.020        0.585
  127.1404       1.025       -1.481
  127.1425       1.012       -0.095
  127.1446       1.015        0.023
  127.1466       1.017        0.683
  127.1487       1.022        0.119
  127.1508       1.023        0.100
  127.1529       1.020       -0.052
  127.1550       1.018        0.214
  127.1571       1.005       -0.398
  127.1591       1.006       -0.172
  127.1612       1.020        0.379
  127.1633       1.013        0.079
  127.1654       1.017       -0.793
  127.1675       1.021        0.349
  127.1696       1.024        0.189
  127.1716       1.013       -0.403
  127.1737       1.019       -0.410
  127.1758       1.008        0.082
  127.1779       1.019       -0.062
  127.1800       1.015        0.251
  127.1821       1.029       -0.703
  127.1841       1.017        0.133
  127.1862       1.019        1.249
  127.1883       1.002       -0.583
  127.1904         nan          nan
  127.1925         nan          nan
  127.1946         nan          nan
  127.1966         nan          nan
  127.1987         nan          nan
  127.2008         nan          nan
  127.2029         nan          nan
  127.2050         nan          nan
  127.2071         nan          nan
  127.2091         nan          nan
  127.2112         nan          nan
  127.2133         nan          nan
  127.2154         nan          nan
  127.2175         nan          nan
  127.2195         nan          nan
  127.2216         nan          nan
  127.2237         nan          nan
  127.2258       1.007        0.175
  127.2279       1.016       -0.061
  127.2300         nan          nan
  127.2320         nan          nan
  127.2341         nan          nan
  127.2362         nan          nan
  127.2383         nan          nan
  127.2404         nan          nan
  127.2425         nan          nan
  127.2446         nan          nan
  127.2466         nan          nan
  127.2487         nan          nan
  127.2508         nan          nan
  127.2529         nan          nan
  127.2550         nan          nan
  127.2571         nan          nan
  127.2591         nan          nan
  127.2612         nan          nan
  127.2633         nan          nan
  127.2654         nan          nan
  127.2675         nan          nan
  127.2696         nan          nan
  127.2716       0.990       -0.526
  127.2737         nan          nan
  127.2758         nan          nan
  127.2779         nan          nan
  127.2800         nan          nan
  127.2820       1.007       -0.002
  127.2841       1.014       -0.361
  127.2862       1.015       -0.044
  127.2883       1.020        0.602
  127.2904       1.019        0.733
  127.2925       1.013        1.024
  127.2946       1.038        1.493
  127.2966       1.003       -0.026
  127.3008         nan          nan
  127.3050       1.017        0.479
  127.3071       1.010        0.297
  127.3091       1.010       -0.159
  127.3112         nan          nan
  127.3133       1.039        1.757
  127.3654         nan          nan
  127.4175         nan          nan
  127.4195       1.020       -1.048
  127.4216         nan          nan
  127.4237         nan          nan
  127.4258         nan          nan
  127.4279       1.042        0.316
  127.4300       1.026        1.050
  127.4320       1.017       -1.284
  127.4341         nan          nan
  127.4362         nan          nan
  127.4404         nan          nan
  127.4445         nan          nan
  127.4466         nan          nan
  127.4487         nan          nan
  127.4539         nan          nan
  127.4591       1.033        0.049
  127.4612         nan          nan
  127.4633       0.998       -1.578
  127.4654       1.058        1.117
  127.4675       1.024       -0.327
  127.4696       1.038        0.410
  127.4716       1.056        0.549
  127.4737       1.020        0.158
  127.4758       1.038       -0.902
  127.4779       1.016        0.234
  127.4800       1.021        0.074
  127.4821       1.010        0.094
  127.4841       1.014       -0.029
  127.4862       1.022        0.265
  127.4883         nan          nan
  127.4904         nan          nan
  127.4925         nan          nan
  127.4946         nan          nan
  127.4966         nan          nan
  127.4987         nan          nan
  127.5008         nan          nan
  127.5029         nan          nan
  127.5050         nan          nan
  127.5071         nan          nan
  127.5091       1.011        0.497
  127.5112         nan          nan
  127.5133         nan          nan
  127.5154         nan          nan
  127.5175         nan          nan
  127.5196         nan          nan
  127.5216         nan          nan
  127.5237         nan          nan
  127.5258         nan          nan
  127.5279         nan          nan
  127.5300         nan          nan
  127.5331         nan          nan
  127.5362         nan          nan
  127.5383         nan          nan
  127.5404         nan          nan
  127.5425         nan          nan
  127.5446         nan          nan
  127.5466       1.013       -0.460
  127.5487       1.006        0.956
  127.5508       1.021        0.822
  127.5529       1.023        0.565
  127.5550         nan          nan
  127.5571         nan          nan
  127.5591         nan          nan
  127.5612         nan          nan
  127.5633         nan          nan
  127.5654       0.994       -0.041
  127.5675         nan          nan
  127.5696       1.010       -0.214
  127.5716         nan          nan
  127.5737         nan          nan
  127.5758         nan          nan
  127.5779         nan          nan
  127.5800         nan          nan
  127.5821         nan          nan
  127.5841         nan          nan
  127.5862         nan          nan
  127.5883         nan          nan
  127.5904         nan          nan
  127.5925         nan          nan
  127.5945       1.054       -0.767
  127.5966         nan          nan
  127.5987       1.000        0.072
  127.6008       1.016        0.005
  127.6029       1.004        1.302
  127.6050       1.003       -0.573
  127.6070       1.011        0.152
  127.6091       1.018        0.148
  127.6112       1.007        0.139
  127.6133       1.008        0.093
  127.6154       1.005       -0.091
  127.6175       1.026       -0.948
  127.6195       1.009       -0.717
  127.6216         nan          nan
  127.6248         nan          nan
  127.6279       1.024       -1.584
  127.6300       1.026       -1.170
  127.6321       1.020       -0.402
  127.6341       1.018       -1.498
  127.6362       1.019       -0.662
  127.6383       1.016       -0.747
  127.6404       1.012        0.450
  127.6425       1.024       -1.389
  127.6445       1.012       -0.019
  127.6466       1.017       -0.990
  127.6487       1.016       -0.761
  127.6519         nan          nan
  127.6550       1.006       -1.459
  127.6571       0.975       -1.629
  127.7164         nan          nan
  127.7758         nan          nan
  127.7779       1.050        0.401
  127.7800       1.010       -0.600
  127.7821       1.003       -0.379
  127.7841         nan          nan
  127.7862       1.043        0.602
  127.7946         nan          nan
  127.8029       1.025        0.977
  127.8050       1.017        0.829
  127.8070       1.017        0.087
  127.8091       1.016        0.265
  127.8112       0.999       -0.443
  127.8133       1.027       -0.299
  127.8154       1.040        0.451
  127.8175       1.018       -0.368
  127.8195       1.005       -0.469
  127.8216       1.037        0.002
  127.8237       1.024        0.062
