sp2024_121_55254 1.0889097719657e+02 -5.0367437387010e-05 1
sp2024_121_57600 1.0889035999909e+02 -2.0107021122199e-06 0
sp2024_121_64800 1.0889031264138e+02 1.6856055830226e-06 0
sp2024_121_72000 1.0889035653160e+02 -1.7150570608089e-06 0
sp2024_121_79200 1.0889032793246e+02 4.8464030072752e-07 0
sp2024_122_00000 1.0889027661728e+02 4.4028957017337e-06 0
sp2024_122_07200 1.0889032306849e+02 8.6453353251853e-07 0
sp2024_122_14400 1.0889030970297e+02 1.8669918161425e-06 0
sp2024_122_21600 1.0889034334350e+02 -6.5910859035227e-07 0
sp2024_122_28800 1.0889036868434e+02 -2.5491722994007e-06 0
sp2024_122_36000 1.0889031023081e+02 1.7803046931269e-06 0
sp2024_122_62318 1.0889022231488e+02 8.1425141124934e-06 1
sp2024_122_64800 1.0889037131744e+02 -2.6182475357880e-06 0
sp2024_122_72000 1.0889037388119e+02 -2.8041362505794e-06 0
sp2024_122_79200 1.0889026657104e+02 4.8714823726282e-06 0
sp2024_123_00000 1.0889037323865e+02 -2.7013010908892e-06 0
sp2024_123_07200 1.0889045971059e+02 -8.8012132614292e-06 0
sp2024_123_14400 1.0889038649725e+02 -3.6533210421367e-06 0
sp2024_123_21600 1.0889024637947e+02 6.1337191304478e-06 0
sp2024_123_28800 1.0889028844157e+02 3.2163338889047e-06 0
sp2024_123_36000 1.0889038447696e+02 -3.4142120512242e-06 0
sp2024_123_43200 1.0889035758563e+02 -1.5766010467931e-06 0
sp2024_123_50400 1.0889025418280e+02 5.4739969818808e-06 0
sp2024_123_57600 1.0889030191435e+02 2.2317685968713e-06 0
sp2024_123_64800 1.0889037205838e+02 -2.5039502257453e-06 0
sp2024_123_72000 1.0889036024150e+02 -1.7124291656602e-06 0
sp2024_123_79200 1.0889030464467e+02 1.9953441167995e-06 0
sp2024_124_00000 1.0889029088486e+02 2.9055209321163e-06 0
sp2024_124_07200 1.0889034446976e+02 -6.3661413055164e-07 0
sp2024_124_14400 1.0889029395430e+02 2.6736307053006e-06 0
sp2024_124_21600 1.0889034127410e+02 -4.1997148395039e-07 0
sp2024_124_28800 1.0889029280435e+02 2.7230975459093e-06 0
sp2024_124_36000 1.0889037985628e+02 -2.8985071993523e-06 0
sp2024_124_43200 1.0889038060340e+02 -2.9459558568563e-06 0
sp2024_124_50400 1.0889030910411e+02 1.6206565512883e-06 0
sp2024_124_57600 1.0889033582938e+02 -8.0659498886386e-08 0
sp2024_124_64800 1.0889031738557e+02 1.0806938254907e-06 0
sp2024_124_72000 1.0889030497313e+02 1.8578810518511e-06 0
sp2024_124_79200 1.0889031936563e+02 9.5777556587740e-07 0
sp2024_125_00000 1.0889037105263e+02 -2.2583888367372e-06 0
sp2024_125_07200 1.0889032994906e+02 2.8663713625622e-07 0
sp2024_125_14400 1.0889028894830e+02 2.8126685854104e-06 0
sp2024_125_21600 1.0889036751272e+02 -2.0028403863029e-06 0
sp2024_125_28800 1.0889031442637e+02 1.2309396764979e-06 0
sp2024_125_36000 1.0889032052014e+02 8.6115451432089e-07 0
sp2024_125_43200 1.0889038835633e+02 -3.2282675887831e-06 0
sp2024_125_50400 1.0889037112781e+02 -2.1905826864846e-06 0
sp2024_125_57600 1.0889019767794e+02 8.1739747738630e-06 0
sp2024_125_64157 1.0889033462225e+02 0.0000000000000e+00 1
sp2024_125_64800 1.0889018406929e+02 8.9251001027987e-06 0
sp2024_125_72000 1.0889037847365e+02 -2.5808966376519e-06 0
sp2024_125_79200 1.0889032655319e+02 4.7295320709917e-07 0
sp2024_126_00000 1.0889036182184e+02 -1.5901532388008e-06 0
sp2024_126_07200 1.0889039411432e+02 -3.4669062163407e-06 0
sp2024_126_14400 1.0889030378809e+02 1.7826379494482e-06 0
sp2024_126_21600 1.0889039370471e+02 -3.4067252123918e-06 0
sp2024_126_51999 1.0889019261403e+02 8.0086346923598e-06 1
sp2024_126_57600 1.0889035175695e+02 -9.6255710362979e-07 0
sp2024_126_64800 1.0889028482924e+02 2.7949631832184e-06 0
sp2024_126_72000 1.0889033128599e+02 2.0284967464612e-07 0
sp2024_126_79200 1.0889030175025e+02 1.8458010630578e-06 0
sp2024_127_00000 1.0889036408553e+02 -1.6046046505109e-06 0
sp2024_127_07200 1.0889038426793e+02 -2.7167718140275e-06 0
sp2024_127_14400 1.0889037806750e+02 -2.3763242653131e-06 0
sp2024_127_21600 1.0889037154252e+02 -2.0217498511282e-06 0
sp2024_127_28800 1.0889028814391e+02 2.5108164787399e-06 0
sp2024_127_36000 1.0889029651328e+02 2.0593128691194e-06 0
sp2024_127_43200 1.0889034681667e+02 -6.5149595207516e-07 0
sp2024_127_50400 1.0889033919295e+02 -2.4214810901026e-07 0
sp2024_127_57600 1.0889032492116e+02 5.2359632050857e-07 0
sp2024_127_64800 1.0889040141472e+02 -3.5454575579275e-06 0
sp2024_127_72000 1.0889027895594e+02 2.9276573702169e-06 0
sp2024_127_79200 1.0889037111678e+02 -1.9307402757959e-06 0
sp2024_128_00000 1.0889027647983e+02 3.0320507946043e-06 0
sp2024_128_07200 1.0889026868142e+02 3.4386135818173e-06 0
sp2024_128_14400 1.0889038032717e+02 -2.3661155955479e-06 0
