 242.7262   32.6371    1E38   1E38    1E38   1E38    1E38   1E38    1E38   1E38    1E38   1E38    1E38   1E38    1E38   1E38    1E38   1E38    1E38   1E38    1E38   1E38    1E38   1E38    1E38   1E38    1E38   1E38    1E38   1E38
 242.6135   32.6931    1E38   1E38    1E38   1E38    1E38   1E38    1E38   1E38    1E38   1E38    1E38   1E38    1E38   1E38    1E38   1E38    1E38   1E38    1E38   1E38    1E38   1E38    1E38   1E38    1E38   1E38    1E38   1E38
 242.4822   32.7590    1E38   1E38    1E38   1E38    1E38   1E38    1E38   1E38    1E38   1E38    1E38   1E38    1E38   1E38    1E38   1E38    1E38   1E38    1E38   1E38    1E38   1E38    1E38   1E38    1E38   1E38    1E38   1E38
 242.3393   32.8196    1E38   1E38    1E38   1E38    1E38   1E38    1E38   1E38    1E38   1E38    1E38   1E38    1E38   1E38    1E38   1E38    1E38   1E38    1E38   1E38    1E38   1E38    1E38   1E38    1E38   1E38    1E38   1E38
 242.2053   32.8770    1E38   1E38    1E38   1E38    1E38   1E38    1E38   1E38    1E38   1E38    1E38   1E38    1E38   1E38    1E38   1E38    1E38   1E38    1E38   1E38    1E38   1E38    1E38   1E38    1E38   1E38    1E38   1E38
 242.0706   32.9375    1E38   1E38    1E38   1E38    1E38   1E38    1E38   1E38    1E38   1E38    1E38   1E38    1E38   1E38    1E38   1E38    1E38   1E38    1E38   1E38    1E38   1E38    1E38   1E38    1E38   1E38    1E38   1E38
 241.9332   32.9977    1E38   1E38    1E38   1E38    1E38   1E38    1E38   1E38    1E38   1E38    1E38   1E38    1E38   1E38    1E38   1E38    1E38   1E38    1E38   1E38    1E38   1E38    1E38   1E38    1E38   1E38    1E38   1E38
 241.8014   33.0572    1E38   1E38    1E38   1E38    1E38   1E38    1E38   1E38    1E38   1E38    1E38   1E38    1E38   1E38    1E38   1E38    1E38   1E38    1E38   1E38    1E38   1E38    1E38   1E38    1E38   1E38    1E38   1E38
 241.6618   33.1178    1E38   1E38    1E38   1E38    1E38   1E38    1E38   1E38    1E38   1E38    1E38   1E38    1E38   1E38    1E38   1E38    1E38   1E38    1E38   1E38    1E38   1E38    1E38   1E38    1E38   1E38    1E38   1E38
 241.5243   33.1740    1E38   1E38    1E38   1E38    1E38   1E38    1E38   1E38    1E38   1E38    1E38   1E38    1E38   1E38    1E38   1E38    1E38   1E38    1E38   1E38    1E38   1E38    1E38   1E38    1E38   1E38    1E38   1E38
 241.3855   33.2243    1E38   1E38    1E38   1E38    1E38   1E38    1E38   1E38    1E38   1E38    1E38   1E38    1E38   1E38    1E38   1E38    1E38   1E38    1E38   1E38    1E38   1E38    1E38   1E38    1E38   1E38    1E38   1E38
 241.2364   33.2713    1E38   1E38    1E38   1E38    1E38   1E38    1E38   1E38    1E38   1E38    1E38   1E38    1E38   1E38    1E38   1E38    1E38   1E38    1E38   1E38    1E38   1E38    1E38   1E38    1E38   1E38    1E38   1E38
 241.0763   33.3050    1E38   1E38    1E38   1E38    1E38   1E38    1E38   1E38    1E38   1E38    1E38   1E38    1E38   1E38    1E38   1E38    1E38   1E38    1E38   1E38    1E38   1E38    1E38   1E38    1E38   1E38    1E38   1E38
 240.9137   33.3485    1E38   1E38    1E38   1E38    1E38   1E38    1E38   1E38    1E38   1E38    1E38   1E38    1E38   1E38    1E38   1E38    1E38   1E38    1E38   1E38    1E38   1E38    1E38   1E38    1E38   1E38    1E38   1E38
 240.7624   33.3979    1E38   1E38    1E38   1E38    1E38   1E38    1E38   1E38    1E38   1E38    1E38   1E38    1E38   1E38    1E38   1E38    1E38   1E38    1E38   1E38    1E38   1E38    1E38   1E38    1E38   1E38    1E38   1E38
 240.6175   33.4465    1E38   1E38    1E38   1E38    1E38   1E38    1E38   1E38    1E38   1E38    1E38   1E38    1E38   1E38    1E38   1E38    1E38   1E38    1E38   1E38    1E38   1E38    1E38   1E38    1E38   1E38    1E38   1E38
 240.4720   33.4933    1E38   1E38    1E38   1E38    1E38   1E38    1E38   1E38    1E38   1E38    1E38   1E38    1E38   1E38    1E38   1E38    1E38   1E38    1E38   1E38    1E38   1E38    1E38   1E38    1E38   1E38    1E38   1E38
 240.3266   33.5356    1E38   1E38    1E38   1E38    1E38   1E38    1E38   1E38    1E38   1E38    1E38   1E38    1E38   1E38    1E38   1E38    1E38   1E38    1E38   1E38    1E38   1E38    1E38   1E38    1E38   1E38    1E38   1E38
 240.1733   33.5770    1E38   1E38    1E38   1E38    1E38   1E38    1E38   1E38    1E38   1E38    1E38   1E38    1E38   1E38    1E38   1E38    1E38   1E38    1E38   1E38    1E38   1E38    1E38   1E38    1E38   1E38    1E38   1E38
 240.0222   33.6233    1E38   1E38    1E38   1E38    1E38   1E38    1E38   1E38    1E38   1E38    1E38   1E38    1E38   1E38    1E38   1E38    1E38   1E38    1E38   1E38    1E38   1E38    1E38   1E38    1E38   1E38    1E38   1E38
 239.9123   33.6607    1E38   1E38    1E38   1E38    1E38   1E38    1E38   1E38    1E38   1E38    1E38   1E38    1E38   1E38    1E38   1E38    1E38   1E38    1E38   1E38    1E38   1E38    1E38   1E38    1E38   1E38    1E38   1E38
     1E38      1E38    1E38   1E38    1E38   1E38    1E38   1E38    1E38   1E38    1E38   1E38    1E38   1E38    1E38   1E38    1E38   1E38    1E38   1E38    1E38   1E38    1E38   1E38    1E38   1E38    1E38   1E38    1E38   1E38
     1E38      1E38    1E38   1E38    1E38   1E38    1E38   1E38    1E38   1E38    1E38   1E38    1E38   1E38    1E38   1E38    1E38   1E38    1E38   1E38    1E38   1E38    1E38   1E38    1E38   1E38    1E38   1E38    1E38   1E38
     1E38      1E38    1E38   1E38    1E38   1E38    1E38   1E38    1E38   1E38    1E38   1E38    1E38   1E38    1E38   1E38    1E38   1E38    1E38   1E38    1E38   1E38    1E38   1E38    1E38   1E38    1E38   1E38    1E38   1E38
     1E38      1E38    1E38   1E38    1E38   1E38    1E38   1E38    1E38   1E38    1E38   1E38    1E38   1E38    1E38   1E38    1E38   1E38    1E38   1E38    1E38   1E38    1E38   1E38    1E38   1E38    1E38   1E38    1E38   1E38
 240.1557   33.9388    1E38   1E38    1E38   1E38    1E38   1E38    1E38   1E38    1E38   1E38    1E38   1E38    1E38   1E38    1E38   1E38    1E38   1E38    1E38   1E38    1E38   1E38    1E38   1E38    1E38   1E38    1E38   1E38
 240.2459   33.9443    1E38   1E38    0.15  -0.03    1E38   1E38    1E38   1E38    1E38   1E38    1E38   1E38    1E38   1E38    1E38   1E38    1E38   1E38    1E38   1E38    1E38   1E38    1E38   1E38    1E38   1E38    1E38   1E38
 240.4209   33.9693    1E38   1E38    1E38   1E38    1E38   1E38    1E38   1E38    1E38   1E38    1E38   1E38    1E38   1E38    1E38   1E38    1E38   1E38    1E38   1E38    1E38   1E38    1E38   1E38    1E38   1E38    1E38   1E38
 240.5876   34.0005    1E38   1E38    1E38   1E38    1E38   1E38    1E38   1E38    1E38   1E38    1E38   1E38    1E38   1E38    1E38   1E38    1E38   1E38    1E38   1E38    1E38   1E38    1E38   1E38    1E38   1E38    1E38   1E38
 240.5709   33.9616    1E38   1E38    1E38   1E38    1E38   1E38    0.03  -0.03   -0.05  -0.09    1E38   1E38    1E38   1E38    1E38   1E38    1E38   1E38    1E38   1E38    1E38   1E38    1E38   1E38    1E38   1E38    1E38   1E38
 240.4783   33.9007    1E38   1E38   -0.02  -0.02    0.06   0.05    0.13  -0.03    0.06  -0.09   -0.04  -0.14   -0.06  -0.11   -0.07  -0.11   -0.07  -0.08   -0.07  -0.07   -0.03  -0.05   -0.02  -0.02    1E38   1E38    1E38   1E38
 240.4707   33.8857    1E38   1E38   -0.06  -0.03    0.03   0.01    0.07  -0.08    0.01  -0.09   -0.08  -0.13   -0.08  -0.09   -0.08  -0.09   -0.09  -0.10   -0.07  -0.08   -0.03  -0.07   -0.01  -0.04   -0.02  -0.04    1E38   1E38
 240.4686   33.8736    1E38   1E38   -0.09  -0.02   -0.01  -0.01    0.02  -0.08   -0.04  -0.11   -0.13  -0.11   -0.13  -0.09   -0.08  -0.08   -0.09  -0.07   -0.09  -0.06   -0.05  -0.06   -0.04  -0.07   -0.07  -0.07    1E38   1E38
 240.5025   33.9260    1E38   1E38   -0.03   0.11    0.03   0.05    0.01   0.00   -0.08  -0.00   -0.12   0.00   -0.09   0.01   -0.08   0.02   -0.08   0.00   -0.05  -0.00   -0.04  -0.01   -0.00  -0.03   -0.03  -0.02    1E38   1E38
 240.4856   34.0531    1E38   1E38    1E38   1E38    1E38   1E38    1E38   1E38    1E38   1E38    1E38   1E38    1E38   1E38    1E38   1E38    1E38   1E38    1E38   1E38    1E38   1E38    1E38   1E38    1E38   1E38    1E38   1E38
 240.3250   34.0977    1E38   1E38    1E38   1E38    1E38   1E38    1E38   1E38    1E38   1E38    1E38   1E38    1E38   1E38    1E38   1E38    1E38   1E38    1E38   1E38    1E38   1E38    1E38   1E38    1E38   1E38    1E38   1E38
 240.1692   34.1302    1E38   1E38    1E38   1E38    1E38   1E38    1E38   1E38    1E38   1E38    1E38   1E38    1E38   1E38    1E38   1E38    1E38   1E38    1E38   1E38    1E38   1E38    1E38   1E38    1E38   1E38    1E38   1E38
 240.0237   34.1677    1E38   1E38    1E38   1E38    1E38   1E38    1E38   1E38    1E38   1E38    1E38   1E38    1E38   1E38    1E38   1E38    1E38   1E38    1E38   1E38    1E38   1E38    1E38   1E38    1E38   1E38    1E38   1E38
 239.8919   34.1959    1E38   1E38   -0.07   0.04   -0.05   0.02   -0.06   0.05   -0.02   0.07   -0.01   0.06    1E38   1E38    1E38   1E38    1E38   1E38    1E38   1E38    1E38   1E38    1E38   1E38    1E38   1E38    1E38   1E38
 239.7957   34.2106    1E38   1E38   -0.04   0.04   -0.06   0.02   -0.03   0.02   -0.00   0.01    0.00  -0.01    1E38   1E38    1E38   1E38    1E38   1E38    1E38   1E38    1E38   1E38    1E38   1E38    1E38   1E38    1E38   1E38
 239.7022   34.2178    1E38   1E38    0.01  -0.07    0.01  -0.08    0.02  -0.06    0.01  -0.07    0.00  -0.06   -0.01  -0.05    1E38   1E38    1E38   1E38    1E38   1E38    1E38   1E38    1E38   1E38    1E38   1E38    1E38   1E38
 239.6083   34.2158    1E38   1E38   -0.03  -0.20    0.01  -0.15    0.08  -0.10    0.04  -0.11    0.05  -0.10    0.07  -0.08    1E38   1E38    1E38   1E38    1E38   1E38    1E38   1E38    1E38   1E38    1E38   1E38    1E38   1E38
 239.5205   34.2230    1E38   1E38   -0.14  -0.06   -0.09  -0.07   -0.07  -0.07   -0.07  -0.07   -0.00  -0.12    0.00  -0.09    1E38   1E38    1E38   1E38    1E38   1E38    1E38   1E38    1E38   1E38    1E38   1E38    1E38   1E38
 239.4394   34.2451    1E38   1E38   -0.04  -0.11   -0.11  -0.07   -0.09  -0.01   -0.05   0.02   -0.11   0.01    1E38   1E38    1E38   1E38    1E38   1E38    1E38   1E38    1E38   1E38    1E38   1E38    1E38   1E38    1E38   1E38
 239.3576   34.2690    1E38   1E38   -0.17   0.02   -0.18   0.06   -0.13   0.09   -0.07   0.10   -0.08   0.08   -0.02   0.08    1E38   1E38    1E38   1E38    1E38   1E38    1E38   1E38    1E38   1E38    1E38   1E38    1E38   1E38
 239.2726   34.2985    1E38   1E38   -0.06   0.11   -0.10   0.13   -0.05   0.15   -0.05   0.14   -0.05   0.19    1E38   1E38    1E38   1E38    1E38   1E38    1E38   1E38    1E38   1E38    1E38   1E38    1E38   1E38    1E38   1E38
 239.1921   34.3377    1E38   1E38   -0.02   0.17   -0.05   0.12   -0.05   0.10   -0.11   0.10   -0.15   0.09    1E38   1E38    1E38   1E38    1E38   1E38    1E38   1E38    1E38   1E38    1E38   1E38    1E38   1E38    1E38   1E38
 239.1144   34.3837    1E38   1E38    0.01   0.24   -0.05   0.13   -0.08   0.05   -0.09   0.04   -0.09   0.09   -0.10   0.12    1E38   1E38    1E38   1E38    1E38   1E38    1E38   1E38    1E38   1E38    1E38   1E38    1E38   1E38
 239.0554   34.4467    1E38   1E38   -0.03   0.11   -0.04   0.13    0.01   0.10   -0.05   0.10   -0.07   0.13   -0.07   0.13   -0.09   0.09   -0.12   0.11    1E38   1E38    1E38   1E38    1E38   1E38    1E38   1E38    1E38   1E38
 239.0063   34.5185    1E38   1E38   -0.07   0.13   -0.09   0.12   -0.10   0.13   -0.08   0.15   -0.03   0.16   -0.03   0.13   -0.02   0.11   -0.05   0.08    1E38   1E38    1E38   1E38    1E38   1E38    1E38   1E38    1E38   1E38
 238.9424   34.5859    1E38   1E38   -0.20  -0.08   -0.19  -0.07   -0.20  -0.02   -0.18   0.07   -0.12   0.13   -0.06   0.17   -0.05   0.14   -0.10   0.10   -0.13   0.05    1E38   1E38    1E38   1E38    1E38   1E38    1E38   1E38
 238.8767   34.6455    1E38   1E38   -0.17  -0.06   -0.22  -0.02   -0.26   0.05   -0.23   0.04   -0.14   0.15   -0.07   0.18   -0.06   0.10   -0.09   0.09    1E38   1E38    1E38   1E38    1E38   1E38    1E38   1E38    1E38   1E38
 238.8155   34.7142    1E38   1E38   -0.19   0.07   -0.12   0.08   -0.11   0.04   -0.13   0.08   -0.07   0.16   -0.06   0.12   -0.10   0.10   -0.10   0.12    1E38   1E38    1E38   1E38    1E38   1E38    1E38   1E38    1E38   1E38
 238.7521   34.7830    1E38   1E38   -0.15   0.12   -0.13   0.19   -0.15   0.23   -0.16   0.21   -0.12   0.16   -0.12   0.14   -0.09   0.09    1E38   1E38    1E38   1E38    1E38   1E38    1E38   1E38    1E38   1E38    1E38   1E38
 238.6711   34.8297    1E38   1E38   -0.12   0.11   -0.10   0.13   -0.13   0.15   -0.16   0.10   -0.18   0.06   -0.18   0.05    1E38   1E38    1E38   1E38    1E38   1E38    1E38   1E38    1E38   1E38    1E38   1E38    1E38   1E38
 238.5822   34.8704    1E38   1E38   -0.03   0.04   -0.09   0.09   -0.02   0.13   -0.10   0.16   -0.08   0.15   -0.08   0.11    1E38   1E38    1E38   1E38    1E38   1E38    1E38   1E38    1E38   1E38    1E38   1E38    1E38   1E38
 238.5265   34.9014    1E38   1E38   -0.05   0.07   -0.03   0.16    0.08   0.15    0.07   0.17   -0.05   0.10   -0.14   0.07   -0.13   0.13   -0.11   0.10   -0.08   0.11   -0.06   0.10   -0.07   0.02    1E38   1E38    1E38   1E38
 238.5192   34.9264    1E38   1E38   -0.04   0.14   -0.04   0.24    0.02   0.18    0.07   0.13    0.02   0.11   -0.05   0.05   -0.08   0.12   -0.05   0.14   -0.04   0.15   -0.03   0.09   -0.08   0.04    1E38   1E38    1E38   1E38
 238.5005   34.9797    1E38   1E38   -0.07   0.33   -0.14   0.33   -0.05   0.24    0.03   0.20   -0.03   0.18   -0.11   0.14   -0.04   0.17    0.03   0.19    1E38   1E38    1E38   1E38    1E38   1E38    1E38   1E38    1E38   1E38
 238.4753   35.0528    1E38   1E38   -0.17   0.24   -0.08   0.23   -0.04   0.23    0.01   0.22   -0.12   0.18   -0.21   0.15   -0.18   0.15   -0.15   0.17    1E38   1E38    1E38   1E38    1E38   1E38    1E38   1E38    1E38   1E38
 238.4439   35.1078    1E38   1E38   -0.14   0.11   -0.04   0.11   -0.05   0.11   -0.02   0.15   -0.06   0.15   -0.08   0.16   -0.04   0.17    1E38   1E38    1E38   1E38    1E38   1E38    1E38   1E38    1E38   1E38    1E38   1E38
 238.4175   35.1645    1E38   1E38   -0.01   0.11   -0.01   0.04   -0.06   0.05   -0.01   0.08   -0.04   0.08   -0.07   0.12   -0.03   0.17    1E38   1E38    1E38   1E38    1E38   1E38    1E38   1E38    1E38   1E38    1E38   1E38
 238.3996   35.2226    1E38   1E38    0.02   0.07   -0.02   0.03   -0.03   0.07   -0.05   0.08    0.00   0.12    0.02   0.14   -0.00   0.20    0.01   0.18    0.01   0.17    0.00   0.15    1E38   1E38    1E38   1E38    1E38   1E38
 238.3854   35.2748    1E38   1E38    0.05   0.00   -0.01   0.00    0.00   0.05   -0.01   0.05    0.01   0.08    0.01   0.08    0.03   0.10    0.02   0.14    0.01   0.13   -0.01   0.12    1E38   1E38    1E38   1E38    1E38   1E38
 238.3721   35.3247    1E38   1E38    0.09  -0.04    0.09  -0.01    0.07  -0.02   -0.03  -0.08   -0.01   0.01    0.02   0.09    0.00   0.11    0.01   0.09    0.03   0.08    0.04   0.09    0.05   0.05    1E38   1E38    1E38   1E38
 238.3531   35.3715    1E38   1E38    0.15  -0.02    0.09  -0.03    0.01  -0.05    0.00  -0.02    0.01   0.02    0.00   0.06    0.00   0.04   -0.02   0.01   -0.04  -0.01   -0.05  -0.00    1E38   1E38    1E38   1E38    1E38   1E38
 238.3220   35.4229    1E38   1E38   -0.06  -0.18   -0.07  -0.18   -0.08  -0.12   -0.04  -0.04    0.04  -0.02    0.03  -0.05   -0.03  -0.02   -0.04  -0.02   -0.02   0.00    1E38   1E38    1E38   1E38    1E38   1E38    1E38   1E38
 238.2857   35.4755    1E38   1E38   -0.16  -0.21   -0.10  -0.23   -0.11  -0.25   -0.12  -0.23   -0.07  -0.12   -0.03  -0.05   -0.02  -0.05   -0.02   0.01   -0.02   0.03   -0.03   0.06    1E38   1E38    1E38   1E38    1E38   1E38
 238.2784   35.5720    1E38   1E38    0.11  -0.01    0.12  -0.03    0.11  -0.06   -0.02  -0.04   -0.05   0.05    0.01   0.00    0.03   0.04    0.06   0.05    0.16   0.07    0.16   0.04    1E38   1E38    1E38   1E38    1E38   1E38
 238.3902   35.5695    1E38   1E38    0.02   0.03    0.05   0.02    0.01   0.05    0.01   0.05    0.02   0.04   -0.00   0.04    0.04   0.03    1E38   1E38    1E38   1E38    1E38   1E38    1E38   1E38    1E38   1E38    1E38   1E38
 238.5536   35.5299    1E38   1E38    0.09   0.12    0.08   0.13    0.00   0.18   -0.07   0.21   -0.09   0.17   -0.08   0.12   -0.04   0.12   -0.01   0.09    0.01   0.11    1E38   1E38    1E38   1E38    1E38   1E38    1E38   1E38
 238.7120   35.4785    1E38   1E38    0.18   0.12   -0.00   0.07   -0.02   0.08    0.02   0.10   -0.02   0.11   -0.05   0.11   -0.06   0.13   -0.06   0.13   -0.07   0.15   -0.07   0.06    1E38   1E38    1E38   1E38    1E38   1E38
 238.8658   35.4220    1E38   1E38    0.10   0.07    0.02   0.05   -0.01   0.09   -0.01   0.08   -0.01   0.09   -0.08   0.10   -0.17   0.12    1E38   1E38    1E38   1E38    1E38   1E38    1E38   1E38    1E38   1E38    1E38   1E38
 239.0229   35.3688    1E38   1E38    0.11  -0.02    0.02   0.04    0.07   0.07    0.07   0.04    1E38   1E38    1E38   1E38    1E38   1E38    1E38   1E38    1E38   1E38    1E38   1E38    1E38   1E38    1E38   1E38    1E38   1E38
 239.1036   35.3563    1E38   1E38    1E38   1E38    1E38   1E38    1E38   1E38    1E38   1E38    1E38   1E38    1E38   1E38    1E38   1E38    1E38   1E38    1E38   1E38    1E38   1E38    1E38   1E38    1E38   1E38    1E38   1E38
 238.9842   35.3193    1E38   1E38    0.03  -0.17    1E38   1E38    1E38   1E38    1E38   1E38    1E38   1E38    1E38   1E38    1E38   1E38    1E38   1E38    1E38   1E38    1E38   1E38    1E38   1E38    1E38   1E38    1E38   1E38
 238.8247   35.2718    1E38   1E38    1E38   1E38   -0.16  -0.07    1E38   1E38    1E38   1E38    1E38   1E38    1E38   1E38    1E38   1E38    1E38   1E38    1E38   1E38    1E38   1E38    1E38   1E38    1E38   1E38    1E38   1E38
 238.6751   35.2242    1E38   1E38    1E38   1E38   -0.04   0.07   -0.06   0.06    0.00   0.01    1E38   1E38    1E38   1E38    1E38   1E38    1E38   1E38    1E38   1E38    1E38   1E38    1E38   1E38    1E38   1E38    1E38   1E38
 238.5511   35.1828    1E38   1E38    0.12  -0.05    0.04   0.09    0.02   0.02    0.01  -0.05   -0.00  -0.05   -0.01  -0.04   -0.05   0.10   -0.07   0.14    0.01   0.10    0.02   0.11   -0.09   0.12   -0.08   0.10    1E38   1E38
 238.5294   35.1554    1E38   1E38    0.04   0.01    0.08   0.08    0.06   0.07    0.01  -0.01   -0.01  -0.04   -0.03  -0.05   -0.01   0.04    0.01   0.11    0.06   0.08    0.06   0.08   -0.04   0.12   -0.02   0.09    1E38   1E38
 238.5252   35.1755    1E38   1E38    0.07   0.06    0.09   0.07    0.03   0.08   -0.00   0.02    0.02   0.00    0.00   0.03   -0.00   0.08    0.02   0.19    0.02   0.16    0.05   0.12    0.01   0.19   -0.00   0.18    1E38   1E38
 238.5070   35.1855    1E38   1E38    0.07   0.03    0.09  -0.01    0.01   0.06    0.01  -0.00   -0.03   0.00   -0.03   0.03   -0.02   0.06    0.03   0.16    0.04   0.17    0.05   0.11    0.05   0.17    0.01   0.21    0.05   0.14
 238.3770   35.1760    1E38   1E38    1E38   1E38    1E38   1E38    1E38   1E38    1E38   1E38    1E38   1E38    1E38   1E38    1E38   1E38    1E38   1E38    1E38   1E38    1E38   1E38    1E38   1E38    1E38   1E38    1E38   1E38
 238.2400   35.1763    1E38   1E38   -0.12   0.20   -0.06   0.11   -0.04   0.13   -0.01   0.12   -0.04   0.08   -0.09   0.09   -0.07   0.14   -0.05   0.18   -0.02   0.19   -0.03   0.18    0.02   0.14    0.06   0.16    1E38   1E38
 238.1915   35.1941    1E38   1E38   -0.14   0.11   -0.14   0.03   -0.05   0.06   -0.00   0.07   -0.04   0.09   -0.08   0.13   -0.04   0.19   -0.01   0.21   -0.01   0.21    0.02   0.17    0.05   0.11    0.05   0.10    1E38   1E38
 238.1671   35.2122    1E38   1E38   -0.23   0.02   -0.21   0.02   -0.09  -0.00   -0.09   0.00   -0.08   0.08   -0.02   0.11    0.02   0.10    0.01   0.13    0.02   0.09    0.03   0.06    0.01   0.05    0.02   0.04    0.03   0.02
 238.1389   35.2302    1E38   1E38   -0.34   0.01   -0.32   0.04   -0.16   0.03   -0.12  -0.02   -0.09  -0.01   -0.03   0.00   -0.02   0.01   -0.00   0.02   -0.02  -0.00   -0.02  -0.01   -0.01  -0.00    0.00  -0.00    0.02   0.00
 238.1838   35.1940    1E38   1E38   -0.07   0.18   -0.11   0.05   -0.04   0.01   -0.04   0.01   -0.03   0.02   -0.03   0.07    0.01   0.07    0.06   0.05    0.05   0.05    0.05   0.04    0.02  -0.06   -0.01  -0.09    1E38   1E38
 238.1717   35.2042    1E38   1E38   -0.10   0.18   -0.15   0.10   -0.12   0.04   -0.12   0.00   -0.10   0.04   -0.06   0.02   -0.03  -0.00   -0.01  -0.04    0.00  -0.02   -0.02  -0.04   -0.04  -0.07   -0.05  -0.06   -0.07  -0.05
 238.1374   35.2271    1E38   1E38   -0.31   0.03   -0.23   0.05   -0.19  -0.03   -0.17  -0.00   -0.14   0.02   -0.12  -0.03   -0.06  -0.02   -0.05  -0.01   -0.04  -0.01   -0.04  -0.02   -0.02  -0.02   -0.01  -0.05   -0.01  -0.07
 238.1584   35.2125    1E38   1E38   -0.13   0.09   -0.14   0.06   -0.14  -0.01   -0.11   0.01   -0.09   0.01   -0.06  -0.01   -0.04  -0.03   -0.02  -0.03    0.01  -0.03   -0.01  -0.02   -0.00  -0.03   -0.00  -0.05   -0.00  -0.07
 238.1857   35.1966    1E38   1E38   -0.02   0.13   -0.11   0.09   -0.12   0.05   -0.14   0.06   -0.12   0.08   -0.07   0.05   -0.06  -0.03   -0.07  -0.05   -0.03  -0.03   -0.04  -0.01   -0.09   0.00   -0.11   0.01    1E38   1E38
 238.1940   35.1962    1E38   1E38    0.02   0.07   -0.07   0.06   -0.09   0.04   -0.08   0.07   -0.06   0.10   -0.03   0.06   -0.04  -0.01   -0.06  -0.04   -0.02  -0.03   -0.03  -0.00   -0.06   0.02   -0.08   0.03    1E38   1E38
 238.2310   35.1760    1E38   1E38    0.07   0.08    0.01   0.07    0.02   0.07    0.02   0.01    0.02   0.05    0.03   0.10   -0.02   0.08   -0.07   0.04   -0.09   0.02   -0.04   0.06   -0.04   0.10   -0.07   0.08    1E38   1E38
 238.1609   35.1771    1E38   1E38    1E38   1E38    1E38   1E38    1E38   1E38    1E38   1E38    1E38   1E38    1E38   1E38    1E38   1E38    1E38   1E38    1E38   1E38    1E38   1E38    1E38   1E38    1E38   1E38    1E38   1E38
 238.0174   35.1794    1E38   1E38    1E38   1E38    1E38   1E38    1E38   1E38    1E38   1E38    1E38   1E38    1E38   1E38    1E38   1E38    1E38   1E38    1E38   1E38    1E38   1E38    1E38   1E38    1E38   1E38    1E38   1E38
 237.8851   35.1762    1E38   1E38   -0.01  -0.21    0.01  -0.13   -0.00  -0.03    0.03  -0.05   -0.02  -0.05   -0.08  -0.02   -0.10   0.02   -0.05   0.00   -0.09  -0.03   -0.15  -0.01   -0.17   0.01   -0.16   0.04    1E38   1E38
 237.8414   35.1750    1E38   1E38   -0.02  -0.29    0.04  -0.25    0.05  -0.12    0.02  -0.15   -0.02  -0.10   -0.08  -0.06   -0.10  -0.03   -0.09  -0.04   -0.11  -0.03   -0.14  -0.00   -0.15   0.03   -0.10   0.06   -0.05   0.09
 237.8630   34.9970    1E38   1E38    0.07  -0.44    0.06  -0.43    0.06  -0.34    0.04  -0.22    0.05  -0.16    0.04  -0.12    1E38   1E38    1E38   1E38    1E38   1E38    1E38   1E38    1E38   1E38    1E38   1E38    1E38   1E38
 237.9028   34.9236    1E38   1E38   -0.07  -0.36   -0.02  -0.23   -0.04  -0.25   -0.08  -0.17   -0.06  -0.11   -0.02  -0.15   -0.03  -0.13   -0.02  -0.14   -0.05  -0.10   -0.04  -0.07    0.00  -0.06   -0.04  -0.06    1E38   1E38
 238.0633   34.9053    1E38   1E38    0.12  -0.12    0.11  -0.04    0.02  -0.09    0.00  -0.06    0.02   0.02   -0.00   0.08    1E38   1E38    1E38   1E38    1E38   1E38    1E38   1E38    1E38   1E38    1E38   1E38    1E38   1E38
 238.1836   34.9094    1E38   1E38    0.15  -0.19    0.06  -0.03    0.08  -0.05    0.08  -0.06    0.05  -0.05    0.01  -0.05    0.01  -0.01    0.03   0.03   -0.01   0.00    0.00  -0.03    0.01  -0.05    0.02  -0.08    1E38   1E38
 238.2786   34.8624    1E38   1E38    0.00  -0.13   -0.08  -0.09   -0.03  -0.09    0.03  -0.08    0.01  -0.09    0.02  -0.07    0.03  -0.05    1E38   1E38    1E38   1E38    1E38   1E38    1E38   1E38    1E38   1E38    1E38   1E38
 238.3674   34.8067    1E38   1E38   -0.24  -0.08   -0.09  -0.00   -0.07  -0.06   -0.10  -0.09   -0.04  -0.08    0.03  -0.06    0.02  -0.08   -0.02  -0.07   -0.09  -0.05   -0.13  -0.00   -0.13  -0.01   -0.10  -0.01    1E38   1E38
 238.3626   34.7914    1E38   1E38   -0.28  -0.05   -0.12   0.01   -0.10  -0.01   -0.12  -0.01   -0.06  -0.00    0.01   0.01   -0.01  -0.01   -0.07  -0.01   -0.10   0.04   -0.13   0.10   -0.12   0.05    1E38   1E38    1E38   1E38
 238.4507   34.7158    1E38   1E38   -0.11  -0.03   -0.07   0.03   -0.05   0.01   -0.01   0.02   -0.00   0.06    0.03   0.01    1E38   1E38    1E38   1E38    1E38   1E38    1E38   1E38    1E38   1E38    1E38   1E38    1E38   1E38
 238.5791   34.6283    1E38   1E38    0.03  -0.02    0.06   0.02    0.04   0.02   -0.00   0.03   -0.05   0.03    0.00   0.04    1E38   1E38    1E38   1E38    1E38   1E38    1E38   1E38    1E38   1E38    1E38   1E38    1E38   1E38
 238.7225   34.5458    1E38   1E38    0.04  -0.09    0.02  -0.06    0.02  -0.06   -0.02  -0.07   -0.01  -0.03    1E38   1E38    1E38   1E38    1E38   1E38    1E38   1E38    1E38   1E38    1E38   1E38    1E38   1E38    1E38   1E38
 238.8522   34.4428    1E38   1E38    1E38   1E38    0.00  -0.04    0.06  -0.01    0.05  -0.07   -0.01  -0.04    0.01   0.01    1E38   1E38    1E38   1E38    1E38   1E38    1E38   1E38    1E38   1E38    1E38   1E38    1E38   1E38
 238.9950   34.3734    1E38   1E38    1E38   1E38    0.08   0.14    0.10   0.18    0.11   0.13    1E38   1E38    1E38   1E38    1E38   1E38    1E38   1E38    1E38   1E38    1E38   1E38    1E38   1E38    1E38   1E38    1E38   1E38
 239.1571   34.3343    1E38   1E38    1E38   1E38    0.08   0.12    0.09   0.10    0.11   0.08    0.06   0.07    0.02   0.07    1E38   1E38    1E38   1E38    1E38   1E38    1E38   1E38    1E38   1E38    1E38   1E38    1E38   1E38
 239.3051   34.2831    1E38   1E38    0.01   0.00    0.09   0.03    0.11   0.04    0.10   0.05    0.09   0.05    1E38   1E38    1E38   1E38    1E38   1E38    1E38   1E38    1E38   1E38    1E38   1E38    1E38   1E38    1E38   1E38
     1E38      1E38    1E38   1E38    1E38   1E38    1E38   1E38    1E38   1E38    1E38   1E38    1E38   1E38    1E38   1E38    1E38   1E38    1E38   1E38    1E38   1E38    1E38   1E38    1E38   1E38    1E38   1E38    1E38   1E38
     1E38      1E38    1E38   1E38    1E38   1E38    1E38   1E38    1E38   1E38    1E38   1E38    1E38   1E38    1E38   1E38    1E38   1E38    1E38   1E38    1E38   1E38    1E38   1E38    1E38   1E38    1E38   1E38    1E38   1E38
     1E38      1E38    1E38   1E38    1E38   1E38    1E38   1E38    1E38   1E38    1E38   1E38    1E38   1E38    1E38   1E38    1E38   1E38    1E38   1E38    1E38   1E38    1E38   1E38    1E38   1E38    1E38   1E38    1E38   1E38
     1E38      1E38    1E38   1E38    1E38   1E38    1E38   1E38    1E38   1E38    1E38   1E38    1E38   1E38    1E38   1E38    1E38   1E38    1E38   1E38    1E38   1E38    1E38   1E38    1E38   1E38    1E38   1E38    1E38   1E38
     1E38      1E38    1E38   1E38    1E38   1E38    1E38   1E38    1E38   1E38    1E38   1E38    1E38   1E38    1E38   1E38    1E38   1E38    1E38   1E38    1E38   1E38    1E38   1E38    1E38   1E38    1E38   1E38    1E38   1E38
     1E38      1E38    1E38   1E38    1E38   1E38    1E38   1E38    1E38   1E38    1E38   1E38    1E38   1E38    1E38   1E38    1E38   1E38    1E38   1E38    1E38   1E38    1E38   1E38    1E38   1E38    1E38   1E38    1E38   1E38
     1E38      1E38    1E38   1E38    1E38   1E38    1E38   1E38    1E38   1E38    1E38   1E38    1E38   1E38    1E38   1E38    1E38   1E38    1E38   1E38    1E38   1E38    1E38   1E38    1E38   1E38    1E38   1E38    1E38   1E38
 240.4680   34.0060    1E38   1E38    0.04   0.13    0.04   0.15    0.05   0.17    0.07   0.17    0.05   0.15    1E38   1E38    1E38   1E38    1E38   1E38    1E38   1E38    1E38   1E38    1E38   1E38    1E38   1E38    1E38   1E38
 240.4701   34.0150    1E38   1E38    0.04   0.09    0.04   0.09    0.05   0.13    0.05   0.15    0.06   0.17    1E38   1E38    1E38   1E38    1E38   1E38    1E38   1E38    1E38   1E38    1E38   1E38    1E38   1E38    1E38   1E38
 240.4551   33.9892    1E38   1E38    1E38   1E38    1E38   1E38    1E38   1E38    1E38   1E38    1E38   1E38    1E38   1E38    1E38   1E38    1E38   1E38    1E38   1E38    1E38   1E38    1E38   1E38    1E38   1E38    1E38   1E38
 240.4232   33.9769    1E38   1E38    1E38   1E38    1E38   1E38    1E38   1E38    1E38   1E38    1E38   1E38    1E38   1E38    1E38   1E38    1E38   1E38    1E38   1E38    1E38   1E38    1E38   1E38    1E38   1E38    1E38   1E38
 240.4547   33.9623    1E38   1E38   -0.11   0.01   -0.16   0.04   -0.18   0.01   -0.12  -0.01   -0.15  -0.05   -0.14  -0.07   -0.10  -0.16   -0.08  -0.17   -0.06  -0.14   -0.06  -0.16   -0.02  -0.15   -0.00  -0.09    1E38   1E38
 240.4673   33.9443    1E38   1E38   -0.11   0.02   -0.17   0.07   -0.21   0.08   -0.13   0.08   -0.21   0.06   -0.20   0.05   -0.10  -0.02   -0.06  -0.11   -0.04  -0.16   -0.06  -0.15   -0.07  -0.12   -0.08  -0.08    1E38   1E38
 240.4553   33.9461    1E38   1E38   -0.06  -0.02   -0.08  -0.03   -0.16   0.04   -0.16   0.05   -0.14   0.00   -0.18   0.02   -0.17  -0.02   -0.19  -0.06   -0.19  -0.09   -0.17  -0.07   -0.14  -0.05   -0.13  -0.03   -0.09   0.03
 240.5138   33.9580    1E38   1E38    0.05  -0.00    0.01  -0.07   -0.05  -0.03   -0.07   0.02   -0.04  -0.01   -0.06  -0.01   -0.06  -0.01   -0.07  -0.00   -0.05  -0.02   -0.05  -0.03   -0.08   0.00   -0.05   0.06    1E38   1E38
 240.6243   33.9671    1E38   1E38   -0.03  -0.04   -0.05  -0.05   -0.09  -0.02   -0.17  -0.02   -0.15  -0.00   -0.12  -0.02   -0.15  -0.05   -0.21  -0.04   -0.16  -0.00   -0.12  -0.03   -0.05  -0.06    0.01  -0.07    1E38   1E38
 240.6237   33.9612    1E38   1E38    0.06   0.13   -0.06  -0.03   -0.12  -0.08   -0.15  -0.04   -0.13  -0.03   -0.10  -0.03   -0.13  -0.04   -0.20  -0.02   -0.17   0.01   -0.13  -0.02   -0.10  -0.05   -0.04  -0.09   -0.03  -0.08
 240.6291   33.9782    1E38   1E38    0.13   0.26    0.03   0.07   -0.08  -0.04   -0.13  -0.03   -0.14  -0.01   -0.14  -0.02   -0.13  -0.03   -0.18  -0.01   -0.19   0.02   -0.14   0.01   -0.12   0.00   -0.08  -0.05    1E38   1E38
 240.6380   33.9975    1E38   1E38    1E38   1E38    1E38   1E38    1E38   1E38    1E38   1E38    1E38   1E38    1E38   1E38    1E38   1E38    1E38   1E38    1E38   1E38    1E38   1E38    1E38   1E38    1E38   1E38    1E38   1E38
 240.6516   34.0044    1E38   1E38    1E38   1E38    1E38   1E38    1E38   1E38    1E38   1E38    1E38   1E38    1E38   1E38    1E38   1E38    1E38   1E38    1E38   1E38    1E38   1E38    1E38   1E38    1E38   1E38    1E38   1E38
 240.5743   33.9914    1E38   1E38    1E38   1E38    1E38   1E38    1E38   1E38    1E38   1E38    1E38   1E38    1E38   1E38    1E38   1E38    1E38   1E38    1E38   1E38    1E38   1E38    1E38   1E38    1E38   1E38    1E38   1E38
 240.4786   33.9946    1E38   1E38    1E38   1E38    1E38   1E38    1E38   1E38    1E38   1E38    1E38   1E38    1E38   1E38    1E38   1E38    1E38   1E38    1E38   1E38    1E38   1E38    1E38   1E38    1E38   1E38    1E38   1E38
 240.4761   33.9896    1E38   1E38    0.21   0.23    0.20   0.20    0.19   0.23    0.19   0.24    0.19   0.22    1E38   1E38    1E38   1E38    1E38   1E38    1E38   1E38    1E38   1E38    1E38   1E38    1E38   1E38    1E38   1E38
 240.4912   33.9636    1E38   1E38   -0.04   0.02   -0.07  -0.05   -0.14  -0.06   -0.16  -0.03   -0.22  -0.05   -0.23  -0.05   -0.23  -0.08   -0.23  -0.13    1E38   1E38    1E38   1E38    1E38   1E38    1E38   1E38    1E38   1E38
 240.5750   33.8623    1E38   1E38   -0.19  -0.01   -0.16  -0.05   -0.13  -0.06   -0.09  -0.03   -0.08  -0.04   -0.07  -0.10   -0.12  -0.12   -0.11  -0.11    1E38   1E38    1E38   1E38    1E38   1E38    1E38   1E38    1E38   1E38
 240.6603   33.7551    1E38   1E38   -0.08   0.08    0.02   0.01    0.03  -0.05    0.05  -0.04    0.01  -0.09   -0.01  -0.08    0.02  -0.05    1E38   1E38    1E38   1E38    1E38   1E38    1E38   1E38    1E38   1E38    1E38   1E38
 240.7505   33.6430    1E38   1E38    0.06   0.08    0.05   0.07    0.07   0.01    0.05  -0.04    0.03  -0.07    0.01  -0.06    1E38   1E38    1E38   1E38    1E38   1E38    1E38   1E38    1E38   1E38    1E38   1E38    1E38   1E38
 240.8397   33.5282    1E38   1E38   -0.05  -0.05   -0.06  -0.09    0.01  -0.07    0.04  -0.09    0.05  -0.10    0.06  -0.07    1E38   1E38    1E38   1E38    1E38   1E38    1E38   1E38    1E38   1E38    1E38   1E38    1E38   1E38
 240.9243   33.4580    1E38   1E38   -0.03   0.06    1E38   1E38    1E38   1E38    1E38   1E38    1E38   1E38    1E38   1E38    1E38   1E38    1E38   1E38    1E38   1E38    1E38   1E38    1E38   1E38    1E38   1E38    1E38   1E38
 240.9536   33.4633    1E38   1E38   -0.03  -0.02   -0.03  -0.02   -0.03  -0.02   -0.04  -0.03   -0.01  -0.03    1E38   1E38    1E38   1E38    1E38   1E38    1E38   1E38    1E38   1E38    1E38   1E38    1E38   1E38    1E38   1E38
 240.9551   33.4629    1E38   1E38    1E38   1E38    1E38   1E38    1E38   1E38    1E38   1E38    1E38   1E38    1E38   1E38    1E38   1E38    1E38   1E38    1E38   1E38    1E38   1E38    1E38   1E38    1E38   1E38    1E38   1E38
 240.9961   33.5225    1E38   1E38   -0.06   0.15    0.05   0.12    0.01   0.07    0.03   0.06   -0.02   0.10   -0.01   0.14   -0.02   0.16   -0.03   0.16    1E38   1E38    1E38   1E38    1E38   1E38    1E38   1E38    1E38   1E38
 241.0205   33.6363    1E38   1E38   -0.26   0.11   -0.15   0.16   -0.07   0.16   -0.07   0.12   -0.03   0.06   -0.02   0.02   -0.03   0.04   -0.02   0.07   -0.02   0.09   -0.02   0.08   -0.05   0.05   -0.07   0.06    1E38   1E38
 240.9900   33.6495    1E38   1E38   -0.30   0.16   -0.17   0.19   -0.13   0.11   -0.09   0.05   -0.06   0.03   -0.05  -0.02   -0.04  -0.00   -0.04   0.01   -0.07   0.05   -0.09   0.05   -0.06   0.07   -0.05   0.07   -0.07   0.05
 240.9829   33.6434    1E38   1E38   -0.15   0.15   -0.06   0.20   -0.04   0.13   -0.02   0.08   -0.01   0.05   -0.02   0.01   -0.02  -0.01   -0.00  -0.01   -0.00   0.03    0.01   0.05    0.01   0.04    0.01   0.03    0.00   0.03
 241.0597   33.5952    1E38   1E38   -0.08   0.08   -0.07   0.07   -0.01   0.07    0.01   0.04    0.03  -0.00    0.01  -0.03    0.01  -0.05    0.03  -0.06    0.04  -0.06    0.04  -0.06    0.05  -0.04    1E38   1E38    1E38   1E38
 241.1786   33.5117    1E38   1E38   -0.11  -0.01   -0.10  -0.01   -0.05   0.02   -0.03  -0.01   -0.02  -0.02   -0.04  -0.05   -0.02  -0.03   -0.01  -0.05   -0.02  -0.06    0.00  -0.01    0.02   0.04    0.04   0.06    1E38   1E38
 241.3006   33.4238    1E38   1E38   -0.05  -0.07   -0.02  -0.04    0.00  -0.02    0.01  -0.04    0.00  -0.00    0.02   0.04    0.01   0.05    0.00   0.06   -0.00   0.04   -0.01   0.03   -0.01   0.02    1E38   1E38    1E38   1E38
 241.4246   33.3352    1E38   1E38    0.02   0.01   -0.03  -0.01   -0.01   0.01   -0.01   0.01   -0.03   0.02   -0.03   0.03    0.01   0.04    0.03   0.03    0.02   0.01    0.00  -0.01    0.04   0.01    1E38   1E38    1E38   1E38
 241.5468   33.2472    1E38   1E38   -0.02   0.02   -0.01   0.03   -0.01   0.05    0.03   0.02    0.03   0.02    0.03   0.02    0.02  -0.02    0.03  -0.01    0.03  -0.05    1E38   1E38    1E38   1E38    1E38   1E38    1E38   1E38
 241.6704   33.1576    1E38   1E38    0.00  -0.03   -0.03   0.01   -0.02   0.05   -0.02   0.05    0.02   0.03    0.04  -0.01    0.03  -0.02    0.01  -0.01    0.02  -0.00    0.01  -0.00    0.02  -0.01    0.02   0.00    1E38   1E38
 241.7617   33.0891    1E38   1E38    0.01   0.04   -0.07   0.03   -0.05   0.05   -0.05   0.05    0.02   0.07    0.00  -0.00   -0.03   0.01   -0.02   0.02    0.01   0.01    0.00  -0.00   -0.01   0.01   -0.02   0.02    1E38   1E38
 241.7917   33.0814    1E38   1E38    0.03   0.07   -0.07   0.03   -0.10   0.08   -0.04   0.09    0.04   0.09   -0.01   0.02   -0.02   0.06   -0.00   0.05   -0.00   0.03   -0.01   0.03   -0.01   0.04   -0.03   0.04   -0.03   0.01
 241.8442   33.0549    1E38   1E38    0.02   0.08   -0.06   0.04   -0.04   0.06   -0.01   0.07    0.04   0.10    0.03   0.02    0.00  -0.00    0.01   0.01    0.00   0.01   -0.01   0.06   -0.00   0.04   -0.04   0.04   -0.04   0.04
 241.9396   33.0099    1E38   1E38    0.01   0.03   -0.03   0.03   -0.01   0.05   -0.01   0.07    0.03   0.11    0.04   0.05    0.03   0.03    0.02   0.03    0.00   0.02    0.01   0.02    0.02   0.02    1E38   1E38    1E38   1E38
 241.9980   32.9800    1E38   1E38    0.09  -0.02   -0.08   0.07   -0.07   0.10   -0.04   0.09    0.01   0.07    0.05   0.06    0.06   0.06    0.06   0.01    0.05   0.01    0.03   0.02    0.03   0.04    1E38   1E38    1E38   1E38
